0 0.232026 0.810049 0.153595 0.213235
0 0.728758 0.930147 0.192810 0.125000
0 0.607026 0.546569 0.116013 0.151961
0 0.648693 0.759804 0.160131 0.220588
0 0.762255 0.550245 0.125817 0.149510
0 0.445261 0.863971 0.161765 0.257353
0 0.446895 0.457108 0.080065 0.125000
0 0.279412 0.578431 0.107843 0.147059
0 0.454248 0.605392 0.104575 0.161765
0 0.875000 0.738971 0.191176 0.232843
0 0.716503 0.424020 0.093137 0.112745
0 0.582516 0.416667 0.073529 0.107843
0 0.187091 0.376226 0.080065 0.095588
0 0.075980 0.640931 0.148693 0.174020
0 0.561275 0.338235 0.070261 0.098039
0 0.693627 0.354167 0.063725 0.100490
0 0.299837 0.422794 0.083333 0.120098
0 0.048203 0.849265 0.096405 0.223039
0 0.173203 0.977941 0.153595 0.034314
0 0.496732 0.278186 0.071895 0.080882
0 0.960784 0.273284 0.058824 0.090686
0 0.962418 0.943627 0.075163 0.107843
0 0.745098 0.183824 0.055556 0.063725
0 0.142157 0.484069 0.107843 0.120098
0 0.456699 0.348039 0.073529 0.098039
0 0.309641 0.328431 0.063725 0.078431
0 0.528595 0.229167 0.053922 0.061275
0 0.311274 0.267157 0.053922 0.058824
0 0.613562 0.237745 0.063725 0.078431
0 0.267157 0.215686 0.053922 0.083333
0 0.227124 0.299020 0.058824 0.073529
0 0.553105 0.197304 0.057190 0.056373